10 373802.5 7.067337825E7 472429.2 94799.4 93506.0
20 253754.4 5.93590103E7 59247.15 191871.6 191026.6
30 361468.55 8.067825305E7 63469.85 290049.6 289646.0
40 574169.55 1.253301998E8 102634.95 388072.2 387651.8
50 959037.05 1.696164088E8 157768.15 486890.2 486319.8
60 1187390.05 2.0286156965E8 158716.4 584775.6 584192.6
70 1324112.65 2.154384511E8 254460.55 684039.4 683536.8
80 1582570.05 2.7293040775E8 174241.65 782383.2 781673.4
90 2112524.2 3.0980412875E8 219144.6 882394.0 881819.6
100 2114660.55 2.876403683E8 176729.4 980764.2 980096.0
110 2681485.75 3.226066337E8 186764.9 1080198.8 1079443.4
120 3395573.45 3.482962742E8 189836.3 1178723.2 1177846.0
130 4009242.2 3.817961564E8 219758.95 1278026.0 1277106.0
140 4702614.05 4.196520562E8 243651.75 1377111.6 1376076.8
150 5544508.1 4.5068081005E8 263270.1 1476537.4 1475462.8
160 6338241.0 4.862059458E8 280516.9 1575899.0 1574705.4
170 7253591.75 5.1985735005E8 267039.4 1675150.4 1673851.8
180 1.200011085E7 6.8292005625E8 316242.9 1773658.2 1772294.6
190 9856936.35 6.51951622E8 319495.4 1872705.8 1871398.0
200 1.099301235E7 6.4740525805E8 649933.35 1973038.4 1971570.0
