10 3098165.35 8.381300585E7 1323687.15 94662.2 93152.2
20 367334.8 8.247503575E7 74534.3 191947.8 191450.8
30 540938.0 1.1156394465E8 84595.55 290117.6 289560.6
40 926611.15 1.684879085E8 102449.4 388003.6 387588.6
50 696912.4 1.5064276665E8 110347.75 487057.6 486442.8
60 1047288.2 1.8439741115E8 134634.25 585505.6 585111.6
70 1321918.8 2.1617681185E8 162087.85 684042.8 683415.2
80 1619199.55 2.4519116665E8 170207.55 782791.8 782031.8
90 1922961.35 2.712221535E8 167753.4 882263.2 881500.8
100 2200369.65 3.155441132E8 206872.75 981020.8 980193.6
110 2587770.05 3.392971559E8 212376.0 1079869.8 1079084.4
120 2979201.7 3.6994898225E8 217178.6 1178102.0 1177221.2
130 3540339.35 3.9676301055E8 250070.4 1278103.6 1277074.4
140 4227474.05 4.590307234E8 274137.15 1376080.0 1375162.2
150 6421156.85 6.4899273205E8 326967.65 1477088.6 1476010.8
160 5449204.3 5.068499726E8 268093.1 1575931.8 1574625.8
170 6356559.75 5.410568505E8 306146.55 1674326.4 1673008.0
180 7151683.4 5.8665831075E8 326822.45 1773873.4 1772426.0
190 8080734.6 6.032180251E8 327025.9 1872778.0 1871351.4
200 9316797.3 6.456337912E8 440823.85 1972172.8 1970778.6
